36
6.900000000000000000e+01 -2.321199999999999999e-02 1.697299999999999850e-02 2.237999999999999972e-03
1.800000000000000000e+02 -2.205900000000000222e-02 1.779299999999999979e-02 -1.737000000000000046e-03
2.049000000000000057e+02 -2.275199999999999792e-02 1.725300000000000097e-02 -4.940000000000001898e-04
2.400000000000000000e+02 -2.318199999999999775e-02 1.754100000000000104e-02 4.410000000000000942e-04
2.896999999999999886e+02 -2.387500000000000039e-02 1.753899999999999904e-02 1.549999999999998102e-04
3.600000000000000000e+02 -2.445299999999999904e-02 1.786000000000000087e-02 6.219999999999999401e-04
4.593999999999999773e+02 -2.453699999999999978e-02 1.890000000000000013e-02 2.240000000000002135e-04
6.000000000000000000e+02 -2.465700000000000183e-02 1.889099999999999807e-02 5.400000000000000069e-04
7.987999999999999545e+02 -2.390600000000000017e-02 1.937299999999999786e-02 1.002000000000000069e-03
1.080000000000000000e+03 -2.516100000000000281e-02 1.850399999999999961e-02 3.220000000000000748e-04
1.477599999999999909e+03 -2.691800000000000095e-02 1.972099999999999895e-02 3.799999999999981236e-05
2.040000000000000000e+03 -2.853500000000000134e-02 2.081199999999999717e-02 4.499999999999999877e-04
2.835300000000000182e+03 -2.967600000000000099e-02 2.245100000000000220e-02 7.520000000000000642e-04
3.960000000000000000e+03 -2.980300000000000310e-02 2.284199999999999772e-02 -7.309999999999998790e-04
5.550600000000000364e+03 -2.934600000000000056e-02 2.423099999999999907e-02 -3.066000000000000149e-03
7.800000000000000000e+03 -2.732599999999999960e-02 2.622000000000000025e-02 -4.699999999999999317e-03
1.098120000000000073e+04 -2.983900000000000094e-02 2.773099999999999871e-02 -6.022000000000000443e-03
1.548000000000000000e+04 -3.177300000000000263e-02 2.512200000000000197e-02 -6.396000000000000643e-03
2.184229999999999927e+04 -3.480899999999999966e-02 2.357000000000000067e-02 -5.478999999999999496e-03
3.084000000000000000e+04 -3.525000000000000355e-02 2.297400000000000136e-02 -3.646000000000000369e-03
4.356459999999999854e+04 -3.573300000000000781e-02 2.389399999999999857e-02 -2.237999999999999972e-03
6.156000000000000000e+04 -3.660100000000000159e-02 2.645100000000000229e-02 -9.750000000000000637e-04
8.700930000000000291e+04 -3.835000000000000214e-02 2.853499999999999787e-02 -2.834000000000000147e-03
1.230000000000000000e+05 -3.914700000000000124e-02 3.078699999999999840e-02 -3.217000000000000241e-03
1.738986000000000058e+05 -4.006000000000000533e-02 3.139600000000000030e-02 -2.364999999999999915e-03
2.458800000000000000e+05 -4.252599999999999436e-02 3.372400000000000397e-02 -6.869999999999998937e-04
3.476770999999999767e+05 -4.469899999999999568e-02 3.571400000000000269e-02 -6.989999999999998602e-04
4.916400000000000000e+05 -4.741499999999999881e-02 3.680200000000000138e-02 1.395999999999999889e-03
6.952343000000000466e+05 -4.972900000000000237e-02 3.680599999999999844e-02 3.374999999999999962e-03
9.831600000000000000e+05 -5.246399999999999675e-02 3.831199999999999883e-02 4.452000000000000228e-03
1.390348500000000000e+06 -5.565099999999999908e-02 4.021599999999999481e-02 4.134999999999999787e-03
1.966200000000000000e+06 -5.826200000000000129e-02 4.260400000000000298e-02 2.351000000000000225e-03
2.780577000000000000e+06 -6.140900000000000525e-02 4.507399999999999601e-02 9.490000000000000822e-04
3.932280000000000000e+06 -6.451000000000001178e-02 4.716599999999999959e-02 4.530000000000000606e-04
5.561034000000000000e+06 -6.797300000000000564e-02 4.968999999999999806e-02 -2.599999999999980189e-05
7.864440000000000000e+06 -7.137399999999999300e-02 5.197299999999999837e-02 -9.940000000000003087e-04

1
6.900000000000000000e+01 -4.075000000000000497e-03 1.467500000000000054e-02 2.520000000000000104e-03

36
6.900000000000000000e+01 2.324999999999999983e-02 -1.282300000000000106e-02 -2.742999999999999779e-03
1.800000000000000000e+02 2.380200000000000024e-02 -1.306799999999999976e-02 -5.973000000000000011e-03
2.049000000000000057e+02 2.596600000000000297e-02 -1.153500000000000011e-02 -6.173000000000000535e-03
2.400000000000000000e+02 2.864799999999999985e-02 -8.940000000000001765e-03 -4.736999999999999891e-03
2.896999999999999886e+02 3.031999999999999973e-02 -7.817000000000001031e-03 -4.716000000000000573e-03
3.600000000000000000e+02 2.987199999999999925e-02 -8.866000000000000617e-03 -4.864000000000000268e-03
4.593999999999999773e+02 2.768200000000000174e-02 -1.015700000000000110e-02 -4.584999999999999666e-03
6.000000000000000000e+02 2.629500000000000240e-02 -1.191900000000000077e-02 -3.759999999999999887e-03
7.987999999999999545e+02 2.691500000000000142e-02 -1.182600000000000144e-02 -3.817000000000000080e-03
1.080000000000000000e+03 2.753799999999999998e-02 -1.258399999999999970e-02 -3.654000000000000130e-03
1.477599999999999909e+03 2.894899999999999904e-02 -1.226999999999999966e-02 -5.135999999999999073e-03
2.040000000000000000e+03 2.935800000000000215e-02 -1.294800000000000118e-02 -6.300000000000000044e-03
2.835300000000000182e+03 2.991100000000000356e-02 -1.233800000000000174e-02 -6.768000000000000578e-03
3.960000000000000000e+03 3.042900000000000119e-02 -1.157700000000000048e-02 -5.805000000000000264e-03
5.550600000000000364e+03 2.968200000000000352e-02 -1.149800000000000127e-02 -3.739000000000000136e-03
7.800000000000000000e+03 2.884600000000000011e-02 -1.257200000000000158e-02 -4.055999999999999710e-03
1.098120000000000073e+04 2.860400000000000095e-02 -1.419300000000000249e-02 -5.139999999999999604e-03
1.548000000000000000e+04 3.038300000000000028e-02 -1.621000000000000218e-02 -7.205000000000000467e-03
2.184229999999999927e+04 3.248700000000000199e-02 -1.648900000000000018e-02 -7.986000000000000043e-03
3.084000000000000000e+04 3.400299999999999850e-02 -1.641400000000000151e-02 -7.739000000000001087e-03
4.356459999999999854e+04 3.462100000000000594e-02 -1.569399999999999962e-02 -5.807000000000000529e-03
6.156000000000000000e+04 3.476200000000000123e-02 -1.631600000000000064e-02 -5.224000000000000345e-03
8.700930000000000291e+04 3.598600000000000410e-02 -1.670699999999999963e-02 -5.608000000000001005e-03
1.230000000000000000e+05 3.714699999999999946e-02 -1.759200000000000000e-02 -5.686000000000000082e-03
1.738986000000000058e+05 3.920300000000000173e-02 -1.888500000000000248e-02 -6.034000000000000301e-03
2.458800000000000000e+05 4.096999999999999947e-02 -1.994699999999999945e-02 -5.458000000000000178e-03
3.476770999999999767e+05 4.239699999999999719e-02 -2.159900000000000014e-02 -5.140999999999999737e-03
4.916400000000000000e+05 4.383800000000000197e-02 -2.270499999999999949e-02 -3.714999999999999986e-03
6.952343000000000466e+05 4.558000000000000246e-02 -2.466199999999999989e-02 -2.513000000000000043e-03
9.831600000000000000e+05 4.745800000000000018e-02 -2.631999999999999965e-02 -1.790000000000000141e-03
1.390348500000000000e+06 4.983300000000000229e-02 -2.867800000000000210e-02 -8.530000000000000256e-04
1.966200000000000000e+06 5.182800000000000601e-02 -3.050700000000000287e-02 -1.371999999999999956e-03
2.780577000000000000e+06 5.421900000000000330e-02 -3.243100000000000149e-02 -2.263999999999999953e-03
3.932280000000000000e+06 5.636399999999999744e-02 -3.445399999999999852e-02 -2.916000000000000189e-03
5.561034000000000000e+06 5.869800000000000018e-02 -3.646500000000000435e-02 -3.562999999999999761e-03
7.864440000000000000e+06 6.107900000000000135e-02 -3.859499999999999736e-02 -4.689000000000000459e-03

36
6.900000000000000000e+01 -2.203700000000000103e-02 2.308999999999999941e-02 -2.118000000000000091e-03
1.800000000000000000e+02 -2.025899999999999923e-02 2.421600000000000141e-02 8.839999999999999117e-04
2.049000000000000057e+02 -1.949299999999999991e-02 2.469800000000000120e-02 1.141000000000000087e-03
2.400000000000000000e+02 -1.949700000000000044e-02 2.604200000000000265e-02 1.321000000000000126e-03
2.896999999999999886e+02 -2.000299999999999995e-02 2.656599999999999934e-02 6.560000000000001160e-04
3.600000000000000000e+02 -2.100899999999999990e-02 2.682099999999999762e-02 5.100000000000002535e-04
4.593999999999999773e+02 -2.220100000000000198e-02 2.669000000000000192e-02 2.139999999999999704e-04
6.000000000000000000e+02 -2.293300000000000199e-02 2.652300000000000144e-02 2.270000000000003135e-04
7.987999999999999545e+02 -2.364699999999999788e-02 2.648500000000000160e-02 -3.259999999999998468e-04
1.080000000000000000e+03 -2.411099999999999702e-02 2.707800000000000137e-02 -9.840000000000000656e-04
1.477599999999999909e+03 -2.441300000000000067e-02 2.953199999999999922e-02 -1.130999999999999844e-03
2.040000000000000000e+03 -2.489900000000000099e-02 3.086400000000000254e-02 -4.389999999999998287e-04
2.835300000000000182e+03 -2.567199999999999691e-02 3.234800000000000175e-02 5.380000000000002836e-04
3.960000000000000000e+03 -2.629999999999999699e-02 3.235200000000000575e-02 1.173999999999999913e-03
5.550600000000000364e+03 -2.710999999999999868e-02 3.359100000000000280e-02 1.209000000000000005e-03
7.800000000000000000e+03 -2.710999999999999868e-02 3.430599999999999622e-02 9.100000000000001100e-04
1.098120000000000073e+04 -3.036000000000000157e-02 3.484399999999999997e-02 1.623000000000000310e-03
1.548000000000000000e+04 -3.341100000000000320e-02 3.401099999999999957e-02 -1.339999999999998961e-04
2.184229999999999927e+04 -3.463199999999999612e-02 3.551599999999999896e-02 -5.409999999999999228e-04
3.084000000000000000e+04 -3.521200000000000718e-02 3.739799999999999375e-02 -1.449999999999998111e-04
4.356459999999999854e+04 -3.593699999999999672e-02 4.063200000000000839e-02 1.758999999999999930e-03
6.156000000000000000e+04 -3.719800000000000190e-02 4.252399999999999930e-02 2.468000000000000575e-03
8.700930000000000291e+04 -3.881000000000000422e-02 4.372200000000000392e-02 1.968000000000000565e-03
1.230000000000000000e+05 -4.045000000000000678e-02 4.594499999999999973e-02 2.247000000000000299e-03
1.738986000000000058e+05 -4.214799999999999797e-02 4.764199999999999685e-02 2.076000000000000154e-03
2.458800000000000000e+05 -4.339900000000000008e-02 5.010099999999999970e-02 2.822000000000000723e-03
3.476770999999999767e+05 -4.540999999999999898e-02 5.226200000000000290e-02 2.230000000000000211e-03
4.916400000000000000e+05 -4.822599999999999804e-02 5.477800000000000030e-02 3.974000000000000102e-03
6.952343000000000466e+05 -5.199199999999999655e-02 5.744300000000000100e-02 6.317999999999999831e-03
9.831600000000000000e+05 -5.575200000000000294e-02 6.082100000000000006e-02 8.045000000000000068e-03
1.390348500000000000e+06 -5.948300000000000115e-02 6.400499999999999245e-02 8.762000000000000691e-03
1.966200000000000000e+06 -6.252100000000000712e-02 6.673800000000000565e-02 7.379000000000000142e-03
2.780577000000000000e+06 -6.602299999999999836e-02 7.015399999999999414e-02 6.263999999999999603e-03
3.932280000000000000e+06 -6.945599999999998997e-02 7.331699999999999329e-02 4.310999999999999728e-03
5.561034000000000000e+06 -7.321300000000000030e-02 7.674400000000000666e-02 2.898000000000000402e-03
7.864440000000000000e+06 -7.674699999999999578e-02 7.982400000000000606e-02 1.453000000000000298e-03

36
6.900000000000000000e+01 1.800300000000000164e-02 -1.426999999999999970e-02 -4.494999999999999864e-03
1.800000000000000000e+02 1.565200000000000272e-02 -1.709100000000000202e-02 -2.491999999999999858e-03
2.049000000000000057e+02 1.688299999999999870e-02 -1.646699999999999900e-02 -1.237999999999999951e-03
2.400000000000000000e+02 1.824200000000000127e-02 -1.651599999999999943e-02 -1.360000000000000315e-03
2.896999999999999886e+02 1.816700000000000259e-02 -1.704299999999999912e-02 -1.050000000000000369e-03
3.600000000000000000e+02 1.730300000000000241e-02 -1.816600000000000159e-02 -7.740000000000000569e-04
4.593999999999999773e+02 1.722800000000000026e-02 -1.810300000000000104e-02 1.488999999999999872e-03
6.000000000000000000e+02 1.790500000000000078e-02 -1.752799999999999844e-02 8.360000000000002629e-04
7.987999999999999545e+02 1.964199999999999974e-02 -1.683399999999999827e-02 8.000000000000007431e-05
1.080000000000000000e+03 2.020399999999999974e-02 -1.726399999999999810e-02 -6.910000000000003162e-04
1.477599999999999909e+03 2.002900000000000166e-02 -1.778099999999999820e-02 -2.500000000000035695e-05
2.040000000000000000e+03 2.021699999999999886e-02 -1.976899999999999838e-02 7.450000000000001109e-04
2.835300000000000182e+03 2.091000000000000150e-02 -2.145999999999999991e-02 -3.769999999999997854e-04
3.960000000000000000e+03 2.220300000000000051e-02 -2.141200000000000048e-02 -1.316000000000000329e-03
5.550600000000000364e+03 2.273499999999999827e-02 -2.130200000000000149e-02 -2.273999999999999980e-03
7.800000000000000000e+03 2.223100000000000076e-02 -2.354300000000000143e-02 -1.530000000000000327e-03
1.098120000000000073e+04 2.049800000000000233e-02 -2.857900000000000024e-02 -2.349000000000000393e-03
1.548000000000000000e+04 2.218900000000000039e-02 -3.166200000000000264e-02 -4.264999999999999694e-03
2.184229999999999927e+04 2.437699999999999936e-02 -3.185400000000000037e-02 -4.734000000000000360e-03
3.084000000000000000e+04 2.727299999999999863e-02 -3.072899999999999937e-02 -4.651999999999999885e-03
4.356459999999999854e+04 2.856900000000000411e-02 -2.997400000000000064e-02 -2.250999999999999963e-03
6.156000000000000000e+04 2.930899999999999825e-02 -3.081100000000000158e-02 -2.181999999999999912e-03
8.700930000000000291e+04 3.071199999999999972e-02 -3.194500000000000117e-02 -2.278999999999999776e-03
1.230000000000000000e+05 3.235999999999999988e-02 -3.311900000000000260e-02 -2.789000000000000246e-03
1.738986000000000058e+05 3.495000000000000190e-02 -3.468399999999999955e-02 -3.044999999999999964e-03
2.458800000000000000e+05 3.765299999999999897e-02 -3.557699999999999751e-02 -2.571000000000000368e-03
3.476770999999999767e+05 3.967999999999999999e-02 -3.745400000000000118e-02 -2.639000000000000287e-03
4.916400000000000000e+05 4.160500000000000309e-02 -3.896000000000000157e-02 -1.277000000000000140e-03
6.952343000000000466e+05 4.418000000000000399e-02 -4.094300000000000023e-02 8.799999999999999229e-04
9.831600000000000000e+05 4.666499999999999815e-02 -4.326900000000000190e-02 2.522999999999999635e-03
1.390348500000000000e+06 4.948600000000000221e-02 -4.673800000000000177e-02 2.110999999999999596e-03
1.966200000000000000e+06 5.242499999999999938e-02 -4.924200000000000799e-02 1.232999999999999721e-03
2.780577000000000000e+06 5.532000000000000112e-02 -5.177599999999999564e-02 1.600000000000001486e-04
3.932280000000000000e+06 5.842499999999999777e-02 -5.433899999999999841e-02 -6.320000000000001832e-04
5.561034000000000000e+06 6.142500000000000043e-02 -5.742000000000000576e-02 -1.939000000000000185e-03
7.864440000000000000e+06 6.484199999999999686e-02 -6.029900000000000537e-02 -3.031000000000000274e-03

36
6.900000000000000000e+01 4.713000000000000175e-03 -3.141999999999999828e-03 -2.369999999999999874e-04
1.800000000000000000e+02 5.461000000000000576e-03 -3.943000000000000324e-03 6.650000000000000095e-04
2.049000000000000057e+02 4.856000000000000073e-03 -3.681000000000000244e-03 8.300000000000000086e-04
2.400000000000000000e+02 5.240000000000000734e-03 -2.628000000000000128e-03 8.419999999999999750e-04
2.896999999999999886e+02 4.560000000000000685e-03 -2.823999999999999688e-03 1.274999999999999875e-03
3.600000000000000000e+02 5.457000000000000045e-03 -2.867000000000000191e-03 1.608999999999999970e-03
4.593999999999999773e+02 6.497000000000000171e-03 -2.484000000000000097e-03 1.744000000000000324e-03
6.000000000000000000e+02 6.560999999999999992e-03 -2.526000000000000034e-03 1.840000000000000001e-04
7.987999999999999545e+02 6.456000000000000801e-03 -2.939000000000000206e-03 -1.676000000000000189e-03
1.080000000000000000e+03 6.225999999999999764e-03 -3.639999999999999573e-03 -2.125999999999999852e-03
1.477599999999999909e+03 5.645000000000000712e-03 -3.739000000000000136e-03 -2.020999999999999793e-03
2.040000000000000000e+03 5.828000000000000715e-03 -3.944999999999999722e-03 -9.200000000000000007e-05
2.835300000000000182e+03 5.577000000000000360e-03 -3.508999999999999966e-03 4.090000000000000211e-04
3.960000000000000000e+03 5.440999999999999656e-03 -3.289999999999999956e-03 7.500000000000000698e-05
5.550600000000000364e+03 3.926000000000000670e-03 -3.070999999999999945e-03 3.660000000000000059e-04
7.800000000000000000e+03 3.235000000000000462e-03 -2.699999999999999709e-03 -1.609999999999999832e-04
1.098120000000000073e+04 3.498000000000000241e-03 -2.851999999999999934e-03 -2.487000000000000061e-03
1.548000000000000000e+04 4.085000000000000089e-03 -3.271000000000000036e-03 -3.670000000000000085e-03
2.184229999999999927e+04 4.323999999999999719e-03 -3.121000000000000076e-03 -2.194000000000000204e-03
3.084000000000000000e+04 5.519000000000000468e-03 -4.202999999999999271e-03 -1.338000000000000213e-03
4.356459999999999854e+04 5.878000000000000412e-03 -3.739999999999999835e-03 -1.529999999999999785e-04
6.156000000000000000e+04 6.148999999999999952e-03 -4.276000000000000287e-03 -1.859999999999999945e-04
8.700930000000000291e+04 6.472999999999999587e-03 -3.922000000000000139e-03 -3.640000000000000115e-04
1.230000000000000000e+05 6.730000000000000739e-03 -3.890999999999999927e-03 -5.900000000000000296e-04
1.738986000000000058e+05 7.362999999999999753e-03 -3.989000000000000358e-03 -8.379999999999999862e-04
2.458800000000000000e+05 7.941000000000000142e-03 -4.335000000000000311e-03 -4.989999999999999861e-04
3.476770999999999767e+05 8.571999999999999759e-03 -4.619999999999999975e-03 -5.569999999999999864e-04
4.916400000000000000e+05 9.105000000000000246e-03 -5.217000000000000283e-03 5.500000000000000331e-04
6.952343000000000466e+05 9.846000000000000585e-03 -6.125999999999999501e-03 1.208000000000000306e-03
9.831600000000000000e+05 1.057300000000000080e-02 -6.699000000000000093e-03 2.500999999999999751e-03
1.390348500000000000e+06 1.137499999999999969e-02 -8.180999999999999037e-03 3.614999999999999724e-03
1.966200000000000000e+06 1.214499999999999955e-02 -9.140999999999999820e-03 3.178999999999999968e-03
2.780577000000000000e+06 1.282799999999999913e-02 -9.884999999999999690e-03 1.760000000000000279e-03
3.932280000000000000e+06 1.356299999999999867e-02 -1.064599999999999921e-02 4.010000000000000435e-04
5.561034000000000000e+06 1.429899999999999921e-02 -1.146199999999999997e-02 -9.140000000000000988e-04
7.864440000000000000e+06 1.553600000000000120e-02 -1.247499999999999998e-02 -2.046000000000000076e-03

36
6.900000000000000000e+01 2.394699999999999954e-02 -9.592000000000001567e-03 -3.193000000000000092e-03
1.800000000000000000e+02 2.489200000000000093e-02 -1.070199999999999971e-02 -4.269999999999999490e-03
2.049000000000000057e+02 2.512700000000000003e-02 -1.063200000000000083e-02 -3.701999999999999996e-03
2.400000000000000000e+02 2.534300000000000094e-02 -1.006000000000000123e-02 -3.330000000000000061e-03
2.896999999999999886e+02 2.526099999999999873e-02 -1.041200000000000112e-02 -3.536000000000000081e-03
3.600000000000000000e+02 2.649799999999999725e-02 -9.944000000000001449e-03 -2.833000000000000448e-03
4.593999999999999773e+02 2.787999999999999853e-02 -9.731000000000000066e-03 -2.869000000000000456e-03
6.000000000000000000e+02 2.897900000000000129e-02 -9.565000000000002320e-03 -1.783000000000000080e-03
7.987999999999999545e+02 2.970100000000000171e-02 -9.901000000000000079e-03 -7.660000000000000793e-04
1.080000000000000000e+03 2.971199999999999883e-02 -1.109400000000000143e-02 -5.890000000000000053e-04
1.477599999999999909e+03 2.986799999999999872e-02 -1.185999999999999902e-02 -2.145999999999999904e-03
2.040000000000000000e+03 3.042100000000000012e-02 -1.280199999999999914e-02 -2.317000000000000049e-03
2.835300000000000182e+03 3.096799999999999900e-02 -1.229000000000000058e-02 -1.688000000000000264e-03
3.960000000000000000e+03 3.114099999999999854e-02 -1.146199999999999997e-02 -1.275000000000000092e-03
5.550600000000000364e+03 2.970199999999999924e-02 -1.085500000000000007e-02 -8.829999999999999958e-04
7.800000000000000000e+03 2.923100000000000004e-02 -1.206699999999999960e-02 -8.000000000000002552e-04
1.098120000000000073e+04 2.989600000000000243e-02 -1.450100000000000174e-02 -1.776000000000000018e-03
1.548000000000000000e+04 3.217899999999999927e-02 -1.612000000000000238e-02 -4.062999999999999771e-03
2.184229999999999927e+04 3.348100000000000381e-02 -1.594200000000000131e-02 -4.448999999999999830e-03
3.084000000000000000e+04 3.501099999999999351e-02 -1.552500000000000061e-02 -4.657000000000000549e-03
4.356459999999999854e+04 3.581900000000000361e-02 -1.467000000000000248e-02 -2.894000000000000305e-03
6.156000000000000000e+04 3.642100000000000198e-02 -1.517200000000000146e-02 -2.383000000000000135e-03
8.700930000000000291e+04 3.747299999999999937e-02 -1.573700000000000099e-02 -2.426000000000000205e-03
1.230000000000000000e+05 3.840299999999999964e-02 -1.644000000000000322e-02 -2.259000000000000157e-03
1.738986000000000058e+05 4.023999999999999799e-02 -1.762500000000000178e-02 -2.467000000000000009e-03
2.458800000000000000e+05 4.204900000000000304e-02 -1.820100000000000190e-02 -1.907000000000000058e-03
3.476770999999999767e+05 4.343400000000000039e-02 -1.958299999999999971e-02 -1.557000000000000224e-03
4.916400000000000000e+05 4.486700000000000410e-02 -2.017300000000000343e-02 -6.699999999999999142e-04
6.952343000000000466e+05 4.659399999999999653e-02 -2.131100000000000008e-02 2.850000000000001512e-04
9.831600000000000000e+05 4.867000000000000492e-02 -2.232200000000000156e-02 3.910000000000000172e-04
1.390348500000000000e+06 5.122299999999999770e-02 -2.410000000000000336e-02 -1.200000000000001047e-05
1.966200000000000000e+06 5.371100000000000180e-02 -2.567900000000000391e-02 -1.633000000000000120e-03
2.780577000000000000e+06 5.628000000000000363e-02 -2.714900000000000299e-02 -3.410999999999999970e-03
3.932280000000000000e+06 5.873099999999999848e-02 -2.874700000000000172e-02 -4.560000000000000685e-03
5.561034000000000000e+06 6.140500000000000125e-02 -3.022800000000000140e-02 -6.091000000000000060e-03
7.864440000000000000e+06 6.435100000000000542e-02 -3.152300000000000241e-02 -7.388999999999999735e-03

36
6.900000000000000000e+01 -1.625000000000000056e-02 1.199799999999999998e-02 -5.960000000000000020e-03
1.800000000000000000e+02 -2.172100000000000072e-02 6.150999999999999350e-03 -4.857999999999999471e-03
2.049000000000000057e+02 -2.242699999999999902e-02 7.656999999999998877e-03 -5.735000000000000514e-03
2.400000000000000000e+02 -2.192399999999999904e-02 1.104199999999999973e-02 -5.759999999999999495e-03
2.896999999999999886e+02 -2.272100000000000161e-02 1.117199999999999964e-02 -5.956999999999999622e-03
3.600000000000000000e+02 -2.353300000000000183e-02 1.182599999999999971e-02 -4.985999999999999981e-03
4.593999999999999773e+02 -2.281799999999999801e-02 1.270999999999999908e-02 -5.645999999999999977e-03
6.000000000000000000e+02 -2.222100000000000117e-02 1.455099999999999796e-02 -3.961000000000000111e-03
7.987999999999999545e+02 -2.235099999999999934e-02 1.125400000000000011e-02 -4.022000000000000401e-03
1.080000000000000000e+03 -2.327600000000000155e-02 1.264599999999999926e-02 -1.189000000000000170e-03
1.477599999999999909e+03 -2.517600000000000393e-02 1.373899999999999948e-02 6.899999999999995601e-05
2.040000000000000000e+03 -2.590500000000000094e-02 1.556399999999999971e-02 -3.245000000000000055e-03
2.835300000000000182e+03 -2.743699999999999958e-02 1.579200000000000048e-02 -6.339000000000000884e-03
3.960000000000000000e+03 -2.911599999999999952e-02 1.652299999999999949e-02 -8.664999999999999092e-03
5.550600000000000364e+03 -3.056999999999999995e-02 1.873299999999999965e-02 -9.221000000000000030e-03
7.800000000000000000e+03 -3.012800000000000200e-02 2.201900000000000038e-02 -9.422000000000001554e-03
1.098120000000000073e+04 -3.236199999999999494e-02 2.229599999999999985e-02 -9.404000000000000900e-03
1.548000000000000000e+04 -3.629699999999999593e-02 1.977600000000000191e-02 -1.093900000000000081e-02
2.184229999999999927e+04 -3.921800000000000286e-02 1.896499999999999922e-02 -1.131500000000000214e-02
3.084000000000000000e+04 -4.143500000000000655e-02 1.976999999999999938e-02 -1.041199999999999938e-02
4.356459999999999854e+04 -4.284500000000000114e-02 2.283800000000000066e-02 -8.306000000000000882e-03
6.156000000000000000e+04 -4.415000000000000174e-02 2.489600000000000146e-02 -7.522000000000000040e-03
8.700930000000000291e+04 -4.608700000000000296e-02 2.616299999999999876e-02 -8.368999999999999703e-03
1.230000000000000000e+05 -4.830800000000000372e-02 2.839799999999999616e-02 -8.540999999999999981e-03
1.738986000000000058e+05 -5.065100000000000158e-02 3.062499999999999944e-02 -8.792999999999998734e-03
2.458800000000000000e+05 -5.305400000000000393e-02 3.338600000000000595e-02 -7.561000000000000013e-03
3.476770999999999767e+05 -5.567900000000000627e-02 3.594400000000000373e-02 -7.834999999999999951e-03
4.916400000000000000e+05 -5.910199999999999482e-02 3.873499999999999860e-02 -5.416000000000000675e-03
6.952343000000000466e+05 -6.336500000000000465e-02 4.193200000000000399e-02 -2.794000000000000043e-03
9.831600000000000000e+05 -6.786300000000000665e-02 4.540699999999999598e-02 -1.136000000000000074e-03
1.390348500000000000e+06 -7.146700000000000275e-02 4.781699999999999839e-02 -3.840000000000003350e-04
1.966200000000000000e+06 -7.610999999999999710e-02 5.129299999999999832e-02 -2.928000000000000047e-03
2.780577000000000000e+06 -8.046299999999999286e-02 5.525499999999999856e-02 -4.624999999999999771e-03
3.932280000000000000e+06 -8.553600000000000092e-02 5.985899999999999554e-02 -5.582000000000000156e-03
5.561034000000000000e+06 -8.979000000000000870e-02 6.314000000000000168e-02 -4.736999999999999891e-03
7.864440000000000000e+06 -9.384900000000000186e-02 6.564899999999999902e-02 -5.433000000000000329e-03

36
6.900000000000000000e+01 -2.568000000000000144e-02 7.418000000000000115e-03 -3.972999999999999969e-03
1.800000000000000000e+02 -2.406700000000000159e-02 7.153000000000000504e-03 -9.099999999999996763e-04
2.049000000000000057e+02 -2.489099999999999993e-02 7.035000000000000454e-03 -1.748999999999999687e-03
2.400000000000000000e+02 -2.471300000000000233e-02 8.401000000000000481e-03 -1.710999999999999847e-03
2.896999999999999886e+02 -2.527599999999999986e-02 7.976000000000000451e-03 -2.062000000000000031e-03
3.600000000000000000e+02 -2.440200000000000008e-02 8.547000000000000777e-03 -9.600000000000000243e-04
4.593999999999999773e+02 -2.430399999999999922e-02 8.973000000000000073e-03 -6.079999999999997082e-04
6.000000000000000000e+02 -2.398099999999999885e-02 9.272000000000000727e-03 -1.331999999999999851e-03
7.987999999999999545e+02 -2.481900000000000078e-02 8.987000000000000197e-03 -1.254000000000000123e-03
1.080000000000000000e+03 -2.570199999999999915e-02 8.638999999999999110e-03 -1.734000000000000081e-03
1.477599999999999909e+03 -2.701100000000000029e-02 9.254000000000000073e-03 -2.230999999999999910e-03
2.040000000000000000e+03 -2.867899999999999963e-02 9.259999999999999135e-03 -1.701000000000000038e-03
2.835300000000000182e+03 -3.017899999999999749e-02 9.780000000000000498e-03 -2.086999999999999880e-03
3.960000000000000000e+03 -3.181799999999999906e-02 9.489000000000000906e-03 -2.184000000000000177e-03
5.550600000000000364e+03 -3.339000000000000301e-02 9.103999999999999246e-03 -1.532999999999999858e-03
7.800000000000000000e+03 -3.303999999999999992e-02 9.912000000000000671e-03 -2.626999999999999995e-03
1.098120000000000073e+04 -3.466599999999999543e-02 9.962000000000000369e-03 -3.379000000000000059e-03
1.548000000000000000e+04 -3.555700000000000527e-02 8.958999999999999950e-03 -6.564999999999999655e-03
2.184229999999999927e+04 -3.649499999999999966e-02 9.110000000000000042e-03 -6.505000000000000365e-03
3.084000000000000000e+04 -3.596099999999999991e-02 9.400999999999999635e-03 -5.487000000000000557e-03
4.356459999999999854e+04 -3.577700000000000324e-02 1.102900000000000061e-02 -2.699000000000000010e-03
6.156000000000000000e+04 -3.634100000000000524e-02 1.212099999999999983e-02 -1.500000000000000031e-03
8.700930000000000291e+04 -3.726099999999999551e-02 1.248600000000000057e-02 -2.485999999999999929e-03
1.230000000000000000e+05 -3.834900000000000114e-02 1.390500000000000069e-02 -2.881999999999999579e-03
1.738986000000000058e+05 -3.970600000000000518e-02 1.504299999999999908e-02 -3.402000000000000076e-03
2.458800000000000000e+05 -4.096000000000000335e-02 1.643100000000000116e-02 -2.280999999999999608e-03
3.476770999999999767e+05 -4.286499999999999339e-02 1.748500000000000054e-02 -1.541999999999999751e-03
4.916400000000000000e+05 -4.455200000000000132e-02 1.878499999999999961e-02 2.800000000000002465e-04
6.952343000000000466e+05 -4.643200000000000105e-02 2.037800000000000028e-02 2.314000000000000085e-03
9.831600000000000000e+05 -4.833900000000000002e-02 2.259300000000000197e-02 3.083000000000000237e-03
1.390348500000000000e+06 -5.035699999999999898e-02 2.452499999999999819e-02 3.371000000000000298e-03
1.966200000000000000e+06 -5.281199999999999783e-02 2.570199999999999915e-02 2.243000000000000202e-03
2.780577000000000000e+06 -5.531300000000000106e-02 2.725099999999999745e-02 1.015999999999999976e-03
3.932280000000000000e+06 -5.803499999999999631e-02 2.851899999999999921e-02 -6.899999999999995601e-05
5.561034000000000000e+06 -6.039200000000000124e-02 3.014199999999999866e-02 -8.919999999999998893e-04
7.864440000000000000e+06 -6.275500000000000522e-02 3.141800000000000148e-02 -1.872999999999999882e-03

36
6.900000000000000000e+01 6.117000000000000041e-03 -1.235800000000000093e-02 6.863000000000000177e-03
1.800000000000000000e+02 5.328000000000000271e-03 -1.471100000000000012e-02 5.128000000000000613e-03
2.049000000000000057e+02 5.436999999999999993e-03 -1.493400000000000109e-02 4.973000000000000857e-03
2.400000000000000000e+02 6.368999999999999662e-03 -1.409600000000000089e-02 6.589000000000000239e-03
2.896999999999999886e+02 7.189000000000000078e-03 -1.409299999999999962e-02 7.611000000000000577e-03
3.600000000000000000e+02 7.891000000000000444e-03 -1.415200000000000138e-02 7.622000000000001170e-03
4.593999999999999773e+02 8.794000000000001468e-03 -1.362000000000000190e-02 7.122999999999999991e-03
6.000000000000000000e+02 9.199000000000000579e-03 -1.363499999999999955e-02 5.994000000000001063e-03
7.987999999999999545e+02 8.897000000000000394e-03 -1.475700000000000102e-02 5.163000000000000055e-03
1.080000000000000000e+03 9.105999999999999511e-03 -1.605700000000000183e-02 5.637000000000000517e-03
1.477599999999999909e+03 9.131000000000000227e-03 -1.720299999999999954e-02 7.218000000000000457e-03
2.040000000000000000e+03 9.686999999999999431e-03 -1.911300000000000152e-02 7.816000000000000031e-03
2.835300000000000182e+03 9.707999999999999616e-03 -1.966599999999999945e-02 7.348000000000001232e-03
3.960000000000000000e+03 8.975999999999999604e-03 -1.991300000000000014e-02 7.071000000000000896e-03
5.550600000000000364e+03 9.690999999999999961e-03 -1.750800000000000273e-02 6.265999999999999868e-03
7.800000000000000000e+03 1.064600000000000095e-02 -1.791300000000000184e-02 9.627000000000000141e-03
1.098120000000000073e+04 9.847999999999999116e-03 -2.330700000000000133e-02 8.996000000000000524e-03
1.548000000000000000e+04 9.446999999999998801e-03 -2.605000000000000024e-02 6.942000000000000254e-03
2.184229999999999927e+04 1.010500000000000113e-02 -2.725400000000000045e-02 5.402000000000000551e-03
3.084000000000000000e+04 1.176199999999999989e-02 -2.632400000000000018e-02 5.318000000000000678e-03
4.356459999999999854e+04 1.309900000000000127e-02 -2.614099999999999757e-02 7.467000000000000547e-03
6.156000000000000000e+04 1.379200000000000044e-02 -2.729500000000000329e-02 7.776000000000000793e-03
8.700930000000000291e+04 1.544600000000000140e-02 -2.848200000000000037e-02 7.603000000000000383e-03
1.230000000000000000e+05 1.707799999999999943e-02 -3.006899999999999851e-02 7.196000000000001007e-03
1.738986000000000058e+05 1.930399999999999824e-02 -3.200400000000000467e-02 7.276000000000001217e-03
2.458800000000000000e+05 2.128199999999999883e-02 -3.357099999999999668e-02 7.902000000000001037e-03
3.476770999999999767e+05 2.328799999999999967e-02 -3.601499999999999840e-02 7.800000000000000509e-03
4.916400000000000000e+05 2.471800000000000039e-02 -3.834000000000000602e-02 9.604000000000001425e-03
6.952343000000000466e+05 2.665600000000000261e-02 -4.101799999999999891e-02 1.249699999999999943e-02
9.831600000000000000e+05 2.882499999999999993e-02 -4.438899999999999790e-02 1.495800000000000254e-02
1.390348500000000000e+06 3.153100000000000347e-02 -4.819899999999999879e-02 1.645900000000000141e-02
1.966200000000000000e+06 3.367900000000000060e-02 -5.152299999999999935e-02 1.626400000000000068e-02
2.780577000000000000e+06 3.597299999999999803e-02 -5.482399999999999773e-02 1.571900000000000033e-02
3.932280000000000000e+06 3.846799999999999525e-02 -5.851999999999999563e-02 1.519999999999999997e-02
5.561034000000000000e+06 4.104300000000000309e-02 -6.276700000000000335e-02 1.494999999999999975e-02
7.864440000000000000e+06 4.292199999999999488e-02 -6.629999999999999782e-02 1.471500000000000065e-02

36
6.900000000000000000e+01 1.091499999999999936e-02 -1.973799999999999860e-02 3.415000000000000067e-03
1.800000000000000000e+02 1.141400000000000053e-02 -2.147299999999999903e-02 2.078000000000000420e-03
2.049000000000000057e+02 1.188999999999999953e-02 -2.129899999999999849e-02 2.665000000000000268e-03
2.400000000000000000e+02 1.171499999999999972e-02 -2.064500000000000016e-02 3.194999999999999923e-03
2.896999999999999886e+02 1.065100000000000074e-02 -2.179999999999999993e-02 2.751999999999999672e-03
3.600000000000000000e+02 1.102000000000000028e-02 -2.225999999999999854e-02 3.317000000000000070e-03
4.593999999999999773e+02 1.104299999999999900e-02 -2.216800000000000020e-02 8.119999999999998963e-04
6.000000000000000000e+02 1.208099999999999972e-02 -2.185399999999999843e-02 1.449000000000000201e-03
7.987999999999999545e+02 1.325799999999999895e-02 -2.149599999999999775e-02 1.449000000000000201e-03
1.080000000000000000e+03 1.392599999999999914e-02 -2.238000000000000059e-02 2.211000000000000291e-03
1.477599999999999909e+03 1.313799999999999864e-02 -2.324500000000000177e-02 2.902000000000000066e-03
2.040000000000000000e+03 1.275000000000000092e-02 -2.444200000000000192e-02 4.691999999999999990e-03
2.835300000000000182e+03 1.207599999999999819e-02 -2.324000000000000024e-02 5.575000000000000094e-03
3.960000000000000000e+03 1.221299999999999990e-02 -2.303699999999999845e-02 6.358000000000000804e-03
5.550600000000000364e+03 1.123400000000000093e-02 -2.326599999999999849e-02 6.191000000000000322e-03
7.800000000000000000e+03 7.834999999999999951e-03 -2.540299999999999850e-02 4.753000000000000280e-03
1.098120000000000073e+04 7.563999999999999543e-03 -2.466199999999999989e-02 5.974999999999999409e-03
1.548000000000000000e+04 9.043999999999998221e-03 -2.373600000000000015e-02 4.974999999999999388e-03
2.184229999999999927e+04 1.282100000000000080e-02 -2.348199999999999940e-02 5.251000000000000459e-03
3.084000000000000000e+04 1.580699999999999814e-02 -2.659400000000000305e-02 5.685000000000000817e-03
4.356459999999999854e+04 1.718499999999999889e-02 -2.884199999999999958e-02 6.766000000000000313e-03
6.156000000000000000e+04 1.685200000000000239e-02 -3.049199999999999827e-02 6.929999999999999528e-03
8.700930000000000291e+04 1.688799999999999676e-02 -2.963299999999999962e-02 6.268000000000001001e-03
1.230000000000000000e+05 1.757900000000000088e-02 -2.957200000000000106e-02 5.855000000000000829e-03
1.738986000000000058e+05 1.933400000000000049e-02 -3.002200000000000008e-02 5.650000000000000508e-03
2.458800000000000000e+05 2.131299999999999861e-02 -3.234300000000000369e-02 6.193999999999999853e-03
3.476770999999999767e+05 2.161699999999999733e-02 -3.378600000000000353e-02 6.454000000000000535e-03
4.916400000000000000e+05 2.228499999999999578e-02 -3.679699999999999638e-02 7.808999999999999969e-03
6.952343000000000466e+05 2.350000000000000006e-02 -3.932800000000000185e-02 8.370000000000000703e-03
9.831600000000000000e+05 2.559100000000000263e-02 -4.179599999999999982e-02 9.245000000000001480e-03
1.390348500000000000e+06 3.094299999999999828e-02 -4.250400000000000011e-02 9.471000000000000252e-03
1.966200000000000000e+06 3.362099999999999811e-02 -4.339099999999999902e-02 9.332000000000001752e-03
2.780577000000000000e+06 3.558799999999999464e-02 -4.439499999999999696e-02 8.467999999999999833e-03
3.932280000000000000e+06 3.666599999999999721e-02 -4.619499999999999995e-02 7.837000000000000216e-03
5.561034000000000000e+06 3.817399999999999960e-02 -4.805800000000000349e-02 6.983000000000000491e-03
7.864440000000000000e+06 4.027599999999999930e-02 -4.993699999999999528e-02 6.220000000000000702e-03

36
6.900000000000000000e+01 -1.872800000000000159e-02 2.209799999999999959e-02 6.080000000000000335e-04
1.800000000000000000e+02 -1.751800000000000232e-02 2.181299999999999906e-02 -7.230000000000000098e-04
2.049000000000000057e+02 -1.626800000000000121e-02 2.261999999999999775e-02 4.640000000000000027e-04
2.400000000000000000e+02 -1.515500000000000180e-02 2.449799999999999894e-02 9.979999999999999722e-04
2.896999999999999886e+02 -1.565600000000000325e-02 2.315799999999999803e-02 1.553999999999999826e-03
3.600000000000000000e+02 -1.655900000000000080e-02 2.299899999999999861e-02 9.430000000000000448e-04
4.593999999999999773e+02 -1.694100000000000120e-02 2.241099999999999690e-02 3.361999999999999971e-03
6.000000000000000000e+02 -1.801800000000000276e-02 2.256100000000000119e-02 3.812000000000000284e-03
7.987999999999999545e+02 -1.844200000000000006e-02 2.261100000000000262e-02 4.155999999999999972e-03
1.080000000000000000e+03 -1.874500000000000124e-02 2.252699999999999841e-02 1.589999999999999834e-03
1.477599999999999909e+03 -1.904300000000000437e-02 2.299299999999999955e-02 2.299999999999999799e-04
2.040000000000000000e+03 -1.954600000000000434e-02 2.316800000000000109e-02 -4.629999999999999784e-04
2.835300000000000182e+03 -2.012600000000000153e-02 2.433400000000000146e-02 9.439999999999999607e-04
3.960000000000000000e+03 -2.011000000000000287e-02 2.616500000000000076e-02 2.193000000000000071e-03
5.550600000000000364e+03 -1.970000000000000223e-02 2.755799999999999916e-02 3.266999999999999939e-03
7.800000000000000000e+03 -1.949999999999999997e-02 2.918699999999999767e-02 2.085999999999999747e-03
1.098120000000000073e+04 -2.159300000000000455e-02 2.798499999999999946e-02 4.809999999999999823e-04
1.548000000000000000e+04 -2.330199999999999980e-02 2.727700000000000263e-02 -1.023000000000000255e-03
2.184229999999999927e+04 -2.448499999999999982e-02 2.720099999999999948e-02 -1.943000000000000066e-03
3.084000000000000000e+04 -2.271200000000000302e-02 2.788700000000000206e-02 -5.410000000000000312e-04
4.356459999999999854e+04 -2.296300000000000077e-02 2.964999999999999927e-02 1.526000000000000013e-03
6.156000000000000000e+04 -2.352500000000000424e-02 3.088300000000000073e-02 2.569000000000000103e-03
8.700930000000000291e+04 -2.478100000000000441e-02 3.203799999999999704e-02 2.035000000000000350e-03
1.230000000000000000e+05 -2.569600000000000356e-02 3.387199999999999933e-02 2.067999999999999960e-03
1.738986000000000058e+05 -2.531600000000000170e-02 3.492800000000000071e-02 1.745000000000000240e-03
2.458800000000000000e+05 -2.555300000000000279e-02 3.611799999999999733e-02 2.212000000000000424e-03
3.476770999999999767e+05 -2.734000000000000319e-02 3.731999999999999901e-02 2.419999999999999842e-03
4.916400000000000000e+05 -3.026500000000000024e-02 3.883600000000000246e-02 4.211999999999999598e-03
6.952343000000000466e+05 -3.293099999999999500e-02 4.057999999999999802e-02 6.061999999999999680e-03
9.831600000000000000e+05 -3.487300000000000816e-02 4.286499999999999339e-02 7.075999999999999825e-03
1.390348500000000000e+06 -3.496900000000000008e-02 4.536899999999999961e-02 7.779999999999999589e-03
1.966200000000000000e+06 -3.612200000000000133e-02 4.734600000000000614e-02 5.654000000000000171e-03
2.780577000000000000e+06 -3.746700000000000030e-02 4.953000000000000458e-02 3.926000000000000670e-03
3.932280000000000000e+06 -3.917400000000000743e-02 5.132500000000000256e-02 2.797000000000000007e-03
5.561034000000000000e+06 -4.111500000000000571e-02 5.352700000000000513e-02 2.663000000000000436e-03
7.864440000000000000e+06 -4.294200000000000100e-02 5.565500000000000308e-02 2.828000000000000218e-03

36
6.900000000000000000e+01 1.225399999999999927e-02 -2.303799999999999945e-02 5.866999999999999819e-03
1.800000000000000000e+02 2.617199999999999735e-02 -7.657000000000000611e-03 4.370199999999999779e-02
2.049000000000000057e+02 2.494700000000000042e-02 -1.118100000000000170e-02 3.915899999999999936e-02
2.400000000000000000e+02 2.083399999999999835e-02 -1.609700000000000020e-02 2.623500000000000137e-02
2.896999999999999886e+02 1.883899999999999811e-02 -1.645499999999999741e-02 2.581100000000000061e-02
3.600000000000000000e+02 8.809999999999998388e-03 -2.487800000000000081e-02 6.022999999999999708e-03
4.593999999999999773e+02 1.016900000000000096e-02 -2.434700000000000059e-02 1.186500000000000055e-02
6.000000000000000000e+02 3.663000000000000457e-03 -3.077900000000000080e-02 -5.284999999999999767e-03
7.987999999999999545e+02 4.357999999999999895e-03 -3.211200000000000165e-02 -8.678999999999999215e-03
1.080000000000000000e+03 1.609999999999999452e-03 -3.721100000000000102e-02 -3.125499999999999806e-02
1.477599999999999909e+03 3.760999999999999153e-03 -3.605700000000000571e-02 -2.400599999999999956e-02
2.040000000000000000e+03 5.351999999999999119e-03 -3.575600000000000306e-02 -2.274599999999999886e-02
2.835300000000000182e+03 8.109999999999999154e-03 -3.207500000000000628e-02 -1.091799999999999889e-02
3.960000000000000000e+03 9.253000000000000808e-03 -3.124900000000000247e-02 -1.322399999999999964e-02
5.550600000000000364e+03 1.108199999999999984e-02 -3.067200000000000135e-02 -2.007300000000000056e-02
7.800000000000000000e+03 1.169699999999999906e-02 -3.282700000000000201e-02 -2.256599999999999925e-02
1.098120000000000073e+04 8.234999999999999265e-03 -3.618500000000000189e-02 -2.753999999999999504e-02
1.548000000000000000e+04 7.597999999999999719e-03 -3.706900000000000472e-02 -3.365000000000000629e-02
2.184229999999999927e+04 5.765000000000000159e-03 -3.742900000000000393e-02 -2.962600000000000303e-02
3.084000000000000000e+04 6.844999999999999522e-03 -3.733899999999999719e-02 -2.416499999999999898e-02
4.356459999999999854e+04 7.811999999999999500e-03 -3.774500000000000771e-02 -9.908999999999999406e-03
6.156000000000000000e+04 8.361000000000000376e-03 -3.889900000000000302e-02 -6.857000000000000248e-03
8.700930000000000291e+04 9.276999999999998789e-03 -3.913699999999999818e-02 -1.041999999999999871e-02
1.230000000000000000e+05 1.010600000000000040e-02 -3.996900000000000452e-02 -1.196699999999999847e-02
1.738986000000000058e+05 1.101200000000000095e-02 -4.144700000000000467e-02 -1.292100000000000019e-02
2.458800000000000000e+05 1.219600000000000024e-02 -4.287200000000000039e-02 -7.140999999999998911e-03
3.476770999999999767e+05 1.299099999999999908e-02 -4.466900000000000037e-02 -8.603000000000001271e-03
4.916400000000000000e+05 1.392199999999999861e-02 -4.623200000000000226e-02 -5.218000000000001283e-03
6.952343000000000466e+05 1.567299999999999943e-02 -4.803299999999999931e-02 -2.456999999999999983e-03
9.831600000000000000e+05 1.714600000000000152e-02 -5.018800000000000344e-02 2.333000000000000438e-03
1.390348500000000000e+06 1.877900000000000055e-02 -5.305499999999999799e-02 6.216000000000000171e-03
1.966200000000000000e+06 2.043599999999999930e-02 -5.526000000000000356e-02 7.429999999999999973e-03
2.780577000000000000e+06 2.210699999999999818e-02 -5.758900000000000130e-02 7.881000000000000852e-03
3.932280000000000000e+06 2.395399999999999960e-02 -5.976999999999999674e-02 6.301999999999999443e-03
5.561034000000000000e+06 2.559200000000000016e-02 -6.222400000000000847e-02 5.815000000000000724e-03
7.864440000000000000e+06 2.769999999999999893e-02 -6.459600000000000064e-02 4.557000000000000287e-03

